
Process PID: 16410
Time: 18:46:07
Dozen number: 11	1	1	1
2	2	2	2
3	1	3	0
4	0	0	0
5	0	0	134515692
-1075738056	0	0	134520436
1302082	1361488	0	-1075738104
134513212	0	0	134513829
-1075738124	1869490176	0	0
1361488	-1075738124	0	0
1	0	24641422	-1075738072
1363568	-1075738124	-1075738016	134515718

Process PID: 16410
Time: 18:46:07
Dozen number: 26	3	4	3
7	4	5	4
8	5	6	0
0	6	0	0
0	0	0	0
0	0	0	0
0	0	0	0
0	0	0	0
0	0	0	0
0	0	0	0
0	0	0	0
0	0	0	0

Process PID: 16410
Time: 18:46:07
Dozen number: 39	7	7	5
10	8	8	0
11	9	9	0
12	0	10	0
0	0	0	0
0	0	0	0
0	0	0	0
0	0	0	0
0	0	0	0
0	0	0	0
0	0	0	0
0	0	0	0

Process PID: 16410
Time: 18:46:07
Dozen number: 413	10	11	6
0	11	12	7
0	12	13	0
0	13	14	0
0	0	15	0
0	0	0	0
0	0	0	0
0	0	0	0
0	0	0	0
0	0	0	0
0	0	0	0
0	0	0	0

Process PID: 16410
Time: 18:46:07
Dozen number: 514	14	16	8
15	15	17	9
0	16	18	0
0	17	19	0
0	0	0	0
0	0	0	0
0	0	0	0
0	0	0	0
0	0	0	0
0	0	0	0
0	0	0	0
0	0	0	0

Process PID: 16410
Time: 18:46:07
Dozen number: 616	18	20	10
17	19	0	11
18	20	0	0
19	21	0	0
20	0	0	0
0	0	0	0
0	0	0	0
0	0	0	0
0	0	0	0
0	0	0	0
0	0	0	0
0	0	0	0

Process PID: 16410
Time: 18:46:07
Dozen number: 721	22	21	12
22	0	22	13
23	0	23	0
24	0	24	0
0	0	25	0
0	0	0	0
0	0	0	0
0	0	0	0
0	0	0	0
0	0	0	0
0	0	0	0
0	0	0	0

Process PID: 16410
Time: 18:46:07
Dozen number: 825	23	26	14
26	24	0	15
27	25	0	16
28	26	0	0
0	0	0	0
0	0	0	0
0	0	0	0
0	0	0	0
0	0	0	0
0	0	0	0
0	0	0	0
0	0	0	0

Process PID: 16410
Time: 18:46:07
Dozen number: 929	0	27	17
30	0	28	18
0	0	29	19
0	0	30	20
0	0	31	21
0	0	0	0
0	0	0	0
0	0	0	0
0	0	0	0
0	0	0	0
0	0	0	0
0	0	0	0

Process PID: 16410
Time: 18:46:07
Dozen number: 1031	27	32	22
32	28	33	23
0	29	34	0
0	30	0	0
0	31	0	0
0	0	0	0
0	0	0	0
0	0	0	0
0	0	0	0
0	0	0	0
0	0	0	0
0	0	0	0
