
Process PID: 16411
Time: 18:46:07
Dozen number: 133	32	35	24
34	33	36	25
35	34	0	26
1361572	35	0	0
134513564	0	0	134515692
-1074970088	0	0	134520436
1302082	1361488	0	-1074970136
134513212	0	0	134513829
-1074970156	1869490176	0	0
1361488	-1074970156	0	0
1	0	24641422	-1074970104
1363568	-1074970156	-1074970048	134515718

Process PID: 16411
Time: 18:46:07
Dozen number: 236	36	37	27
37	37	38	28
38	0	0	29
39	0	0	0
40	0	0	0
0	0	0	0
0	0	0	0
0	0	0	0
0	0	0	0
0	0	0	0
0	0	0	0
0	0	0	0

Process PID: 16411
Time: 18:46:07
Dozen number: 341	38	39	30
42	39	40	31
43	40	41	0
0	41	0	0
0	0	0	0
0	0	0	0
0	0	0	0
0	0	0	0
0	0	0	0
0	0	0	0
0	0	0	0
0	0	0	0

Process PID: 16411
Time: 18:46:07
Dozen number: 444	42	42	32
0	43	43	33
0	44	44	34
0	45	45	0
0	0	0	0
0	0	0	0
0	0	0	0
0	0	0	0
0	0	0	0
0	0	0	0
0	0	0	0
0	0	0	0

Process PID: 16411
Time: 18:46:07
Dozen number: 545	46	46	35
46	47	47	36
47	0	0	37
48	0	0	38
0	0	0	0
0	0	0	0
0	0	0	0
0	0	0	0
0	0	0	0
0	0	0	0
0	0	0	0
0	0	0	0

Process PID: 16411
Time: 18:46:07
Dozen number: 649	48	48	39
50	49	49	40
51	50	50	0
0	51	0	0
0	0	0	0
0	0	0	0
0	0	0	0
0	0	0	0
0	0	0	0
0	0	0	0
0	0	0	0
0	0	0	0

Process PID: 16411
Time: 18:46:07
Dozen number: 751	101	51	41
52	102	51	42
53	103	52	0
0	104	0	0
0	0	0	0
0	0	0	0
0	0	0	0
0	0	0	0
0	0	0	0
0	0	0	0
0	0	0	0
0	0	0	0

Process PID: 16411
Time: 18:46:07
Dozen number: 854	105	53	43
55	106	54	44
56	0	0	45
57	0	0	46
0	0	0	0
0	0	0	0
0	0	0	0
0	0	0	0
0	0	0	0
0	0	0	0
0	0	0	0
0	0	0	0

Process PID: 16411
Time: 18:46:07
Dozen number: 958	107	55	47
59	0	56	48
60	0	57	49
0	0	58	50
0	0	0	0
0	0	0	0
0	0	0	0
0	0	0	0
0	0	0	0
0	0	0	0
0	0	0	0
0	0	0	0

Process PID: 16411
Time: 18:46:07
Dozen number: 1061	108	59	10
62	109	60	51
63	110	0	52
64	0	0	0
0	0	0	0
0	0	0	0
0	0	0	0
0	0	0	0
0	0	0	0
0	0	0	0
0	0	0	0
0	0	0	0
