
Process PID: 16412
Time: 18:46:07
Dozen number: 165	111	61	53
66	0	62	54
67	1	63	0
1361572	0	64	0
134513564	0	65	134515692
-1074345768	0	66	134520436
1302082	1361488	0	-1074345816
134513212	0	0	134513829
-1074345836	1869490176	0	0
1361488	-1074345836	0	0
1	0	24641422	-1074345784
1363568	-1074345836	-1074345728	134515718

Process PID: 16412
Time: 18:46:07
Dozen number: 268	112	67	55
69	113	68	56
70	114	69	0
71	0	0	0
0	0	0	0
0	0	0	0
0	0	0	0
0	0	0	0
0	0	0	0
0	0	0	0
0	0	0	0
0	0	0	0

Process PID: 16412
Time: 18:46:07
Dozen number: 372	115	70	57
73	116	71	0
74	117	72	0
75	118	0	0
0	0	0	0
0	0	0	0
0	0	0	0
0	0	0	0
0	0	0	0
0	0	0	0
0	0	0	0
0	0	0	0

Process PID: 16412
Time: 18:46:07
Dozen number: 476	119	73	58
77	120	74	59
78	71	0	60
79	0	0	0
0	0	0	0
0	0	0	0
0	0	0	0
0	0	0	0
0	0	0	0
0	0	0	0
0	0	0	0
0	0	0	0

Process PID: 16412
Time: 18:46:07
Dozen number: 580	122	75	61
81	123	76	0
82	74	0	0
83	75	0	0
0	126	0	0
0	0	0	0
0	0	0	0
0	0	0	0
0	0	0	0
0	0	0	0
0	0	0	0
0	0	0	0

Process PID: 16412
Time: 18:46:07
Dozen number: 684	127	77	62
85	128	78	63
0	0	79	64
0	0	80	65
0	0	0	0
0	0	0	0
0	0	0	0
0	0	0	0
0	0	0	0
0	0	0	0
0	0	0	0
0	0	0	0

Process PID: 16412
Time: 18:46:07
Dozen number: 786	129	81	66
87	130	82	67
0	131	83	68
0	0	0	69
0	0	0	0
0	0	0	0
0	0	0	0
0	0	0	0
0	0	0	0
0	0	0	0
0	0	0	0
0	0	0	0

Process PID: 16412
Time: 18:46:07
Dozen number: 888	132	84	70
0	133	85	71
0	134	86	72
0	135	0	0
0	136	0	0
0	0	0	0
0	0	0	0
0	0	0	0
0	0	0	0
0	0	0	0
0	0	0	0
0	0	0	0

Process PID: 16412
Time: 18:46:07
Dozen number: 989	137	87	73
90	138	88	74
91	89	0	0
92	0	0	0
93	0	0	0
0	0	0	0
0	0	0	0
0	0	0	0
0	0	0	0
0	0	0	0
0	0	0	0
0	0	0	0

Process PID: 16412
Time: 18:46:07
Dozen number: 1094	140	89	75
95	141	90	0
0	142	91	0
0	143	0	0
0	144	0	0
0	145	0	0
0	0	0	0
0	0	0	0
0	0	0	0
0	0	0	0
0	0	0	0
0	0	0	0
