
Process PID: 16413
Time: 18:46:07
Dozen number: 196	146	92	76
97	0	93	77
98	1	94	78
1361572	0	95	0
134513564	0	96	134515692
-1074515832	0	0	134520436
1302082	1361488	0	-1074515880
134513212	0	0	134513829
-1074515900	1869490176	0	0
1361488	-1074515900	0	0
1	0	24641422	-1074515848
1363568	-1074515900	-1074515792	134515718

Process PID: 16413
Time: 18:46:07
Dozen number: 299	147	97	79
100	148	0	80
101	0	0	81
101	0	0	82
0	0	0	83
0	0	0	0
0	0	0	0
0	0	0	0
0	0	0	0
0	0	0	0
0	0	0	0
0	0	0	0

Process PID: 16413
Time: 18:46:07
Dozen number: 3102	149	98	84
103	150	99	85
0	101	100	86
0	0	101	0
0	0	0	0
0	0	0	0
0	0	0	0
0	0	0	0
0	0	0	0
0	0	0	0
0	0	0	0
0	0	0	0

Process PID: 16413
Time: 18:46:07
Dozen number: 4104	151	101	87
105	152	102	88
106	153	103	0
0	0	104	0
0	0	0	0
0	0	0	0
0	0	0	0
0	0	0	0
0	0	0	0
0	0	0	0
0	0	0	0
0	0	0	0

Process PID: 16413
Time: 18:46:07
Dozen number: 5107	154	105	89
108	155	106	90
109	156	107	0
0	0	108	0
0	0	0	0
0	0	0	0
0	0	0	0
0	0	0	0
0	0	0	0
0	0	0	0
0	0	0	0
0	0	0	0

Process PID: 16413
Time: 18:46:22
Dozen number: 6110	157	109	91
111	0	110	92
0	0	111	93
0	0	112	94
0	0	0	95
0	0	0	0
0	0	0	0
0	0	0	0
0	0	0	0
0	0	0	0
0	0	0	0
0	0	0	0

Process PID: 16413
Time: 18:46:22
Dozen number: 764	111	117	96
66	112	119	97
0	113	120	99
0	114	0	0
0	0	0	0
0	0	0	0
0	0	0	0
0	0	0	0
0	0	0	0
0	0	0	0
0	0	0	0
0	0	0	0

Process PID: 16413
Time: 18:46:22
Dozen number: 867	115	121	100
68	116	122	0
69	117	123	0
0	0	124	0
0	0	125	0
0	0	0	0
0	0	0	0
0	0	0	0
0	0	0	0
0	0	0	0
0	0	0	0
0	0	0	0

Process PID: 16413
Time: 18:46:22
Dozen number: 970	118	126	20
71	119	127	101
72	0	0	102
73	0	0	103
0	0	0	0
0	0	0	0
0	0	0	0
0	0	0	0
0	0	0	0
0	0	0	0
0	0	0	0
0	0	0	0

Process PID: 16413
Time: 18:46:22
Dozen number: 1074	120	128	104
75	121	129	105
76	0	80	0
77	0	0	0
78	0	0	0
0	0	0	0
0	0	0	0
0	0	0	0
0	0	0	0
0	0	0	0
0	0	0	0
0	0	0	0
