
Process PID: 16414
Time: 18:46:22
Dozen number: 162	158	113	98
63	159	114	0
65	110	115	0
1361572	0	116	0
134513564	0	118	134515692
-1075328056	0	0	134520436
1302082	1361488	0	-1075328104
134513212	0	0	134513829
-1075328124	1869490176	0	0
1361488	-1075328124	0	0
1	0	24641422	-1075328072
1363568	-1075328124	-1075328016	134515718

Process PID: 16414
Time: 18:46:22
Dozen number: 279	122	81	106
80	123	82	107
0	0	83	108
0	0	0	109
0	0	0	110
0	0	0	0
0	0	0	0
0	0	0	0
0	0	0	0
0	0	0	0
0	0	0	0
0	0	0	0

Process PID: 16414
Time: 18:46:22
Dozen number: 381	0	84	0
82	0	85	0
83	0	86	0
84	0	87	0
0	0	88	0
0	0	89	0
0	0	90	0
0	0	91	0
0	0	0	0
0	0	0	0
0	0	0	0
0	0	0	0

Process PID: 16414
Time: 18:46:22
Dozen number: 485	124	92	0
86	125	93	0
87	126	94	0
88	0	95	0
89	0	0	0
0	0	0	0
0	0	0	0
0	0	0	0
0	0	0	0
0	0	0	0
0	0	0	0
0	0	0	0

Process PID: 16414
Time: 18:46:22
Dozen number: 590	127	96	111
91	128	97	112
0	0	98	113
0	0	99	0
0	0	100	0
0	0	0	0
0	0	0	0
0	0	0	0
0	0	0	0
0	0	0	0
0	0	0	0
0	0	0	0

Process PID: 16414
Time: 18:46:22
Dozen number: 692	129	101	114
93	130	101	115
94	131	0	0
0	132	0	0
0	133	0	0
0	0	0	0
0	0	0	0
0	0	0	0
0	0	0	0
0	0	0	0
0	0	0	0
0	0	0	0

Process PID: 16414
Time: 18:46:22
Dozen number: 795	134	102	116
96	135	103	117
97	136	104	0
0	0	105	0
0	0	0	0
0	0	0	0
0	0	0	0
0	0	0	0
0	0	0	0
0	0	0	0
0	0	0	0
0	0	0	0

Process PID: 16414
Time: 18:46:22
Dozen number: 898	137	106	118
99	138	107	0
100	0	108	0
151	0	109	0
101	0	0	0
0	0	0	0
0	0	0	0
0	0	0	0
0	0	0	0
0	0	0	0
0	0	0	0
0	0	0	0

Process PID: 16414
Time: 18:46:22
Dozen number: 9102	139	110	0
103	140	111	0
0	141	112	0
0	142	113	0
0	143	0	0
0	144	0	0
0	0	0	0
0	0	0	0
0	0	0	0
0	0	0	0
0	0	0	0
0	0	0	0

Process PID: 16414
Time: 18:46:22
Dozen number: 10104	145	114	119
105	146	115	120
106	147	116	121
0	0	0	0
0	0	0	0
0	0	0	0
0	0	0	0
0	0	0	0
0	0	0	0
0	0	0	0
0	0	0	0
0	0	0	0
