POLICY: Best Fit	MEMORY SIZE: 1024


NUMBER 	SEQUENCE 	SIZE     ADR     MEMORY LEFT     LARGEST CHUNK
	1 	alloc 		99744 	0 		948832 		948832
	2 	alloc 		111776 	99744 		837056 		837056
	3 	alloc 		64864 	211520 		772192 		772192
	4 	alloc 		91552 	276384 		680640 		680640
	5 	free 		111776 	0 		792416 		680640
	6 	free 		91552 	0 		883968 		772192
	7 	alloc 		5600 	99744 		878368 		772192
	8 	alloc 		110304 	276384 		768064 		661888
	9 	alloc 		78688 	105344 		689376 		661888
	10 	alloc 		8032 	184032 		681344 		661888
	11 	alloc 		27872 	386688 		653472 		634016
	12 	alloc 		72992 	414560 		580480 		561024
	13 	alloc 		4960 	192064 		575520 		561024
	14 	alloc 		58400 	487552 		517120 		502624
	15 	alloc 		84640 	545952 		432480 		417984
	16 	free 		78688 	0 		511168 		417984
	17 	alloc 		25760 	105344 		485408 		417984
	18 	free 		5600 	0 		491008 		417984
	19 	free 		64864 	0 		555872 		417984
	20 	alloc 		6496 	131104 		549376 		417984
	21 	alloc 		118240 	630592 		431136 		299744
	22 	free 		27872 	0 		459008 		299744
	23 	alloc 		44448 	137600 		414560 		299744
	24 	free 		8032 	0 		422592 		299744
	25 	alloc 		113440 	748832 		309152 		186304
	26 	free 		99744 	0 		408896 		186304
	27 	free 		118240 	0 		527136 		186304
	28 	free 		6496 	0 		533632 		186304
	29 	free 		84640 	0 		618272 		202880
	30 	alloc 		115040 	862272 		503232 		202880
	31 	free 		25760 	0 		528992 		202880
	32 	alloc 		55072 	977312 		473920 		202880
	33 	free 		4960 	0 		478880 		202880
	34 	free 		44448 	0 		523328 		276384
	35 	free 		55072 	0 		578400 		276384
	36 	alloc 		57312 	977312 		521088 		276384
	37 	alloc 		101408 	545952 		419680 		276384
	38 	free 		110304 	0 		529984 		414560
	39 	free 		72992 	0 		602976 		487552
	40 	free 		58400 	0 		661376 		545952
	41 	alloc 		71328 	647360 		590048 		545952
	42 	alloc 		26144 	718688 		563904 		545952
	43 	alloc 		55968 	0 		507936 		489984
	44 	alloc 		17824 	55968 		490112 		472160
	45 	free 		26144 	0 		516256 		472160
	46 	free 		57312 	0 		573568 		472160
	47 	alloc 		49120 	977312 		524448 		472160
	48 	free 		71328 	0 		595776 		472160
	49 	alloc 		87200 	647360 		508576 		472160
	50 	alloc 		16928 	1026432 		491648 		472160
	51 	alloc 		10848 	734560 		480800 		472160
	52 	free 		16928 	0 		497728 		472160
	53 	free 		87200 	0 		584928 		472160
	54 	alloc 		110112 	73792 		474816 		362048
	55 	free 		113440 	0 		588256 		362048
	56 	alloc 		36640 	647360 		551616 		362048
	57 	free 		110112 	0 		661728 		472160
	58 	alloc 		90592 	745408 		571136 		472160
	59 	alloc 		32 	1026432 		571104 		472160
	60 	free 		115040 	0 		686144 		472160
	61 	alloc 		57312 	836000 		628832 		472160
	62 	alloc 		113952 	73792 		514880 		358208
	63 	free 		101408 	0 		616288 		459616
	64 	alloc 		88160 	187744 		528128 		371456
	65 	free 		55968 	0 		584096 		371456
	66 	free 		10848 	0 		594944 		371456
	67 	alloc 		35424 	0 		559520 		371456
	68 	alloc 		7584 	35424 		551936 		371456
	69 	free 		49120 	0 		601056 		371456
	70 	free 		7584 	0 		608640 		371456
	71 	alloc 		60960 	684000 		547680 		371456
	72 	alloc 		36704 	893312 		510976 		371456
	73 	free 		90592 	0 		601568 		371456
	74 	free 		17824 	0 		619392 		371456
	75 	alloc 		44512 	744960 		574880 		371456
	76 	alloc 		34656 	35424 		540224 		371456
	77 	free 		32 	0 		540256 		371456
	78 	alloc 		85024 	930016 		455232 		371456
	79 	free 		36640 	0 		491872 		408096
	80 	alloc 		42080 	789472 		449792 		408096
	81 	alloc 		39520 	275904 		410272 		368576
	82 	alloc 		79840 	315424 		330432 		288736
	83 	free 		42080 	0 		372512 		288736
	84 	free 		57312 	0 		429824 		288736
	85 	alloc 		79840 	789472 		349984 		288736
	86 	alloc 		110816 	395264 		239168 		177920
	87 	alloc 		61664 	506080 		177504 		116256
	88 	alloc 		51808 	567744 		125696 		64448
	89 	alloc 		53152 	619552 		72544 		33536
	90 	free 		35424 	0 		107968 		35424
	91 	free 		113952 	0 		221920 		117664
	92 	free 		85024 	0 		306944 		118560
	93 	free 		88160 	0 		395104 		205824
	94 	free 		44512 	0 		439616 		205824
	95 	free 		36704 	0 		476320 		205824
	96 	free 		34656 	0 		510976 		275904
	97 	free 		39520 	0 		550496 		315424
	98 	alloc 		40736 	744960 		509760 		315424
	99 	alloc 		108192 	869312 		401568 		315424
	100 	free 		60960 	0 		462528 		315424
	101 	free 		79840 	0 		542368 		315424
	102 	alloc 		43552 	977504 		498816 		315424
	103 	alloc 		95840 	0 		402976 		219584
	104 	free 		40736 	0 		443712 		219584
	105 	free 		53152 	0 		496864 		249760
	106 	free 		95840 	0 		592704 		315424
	107 	alloc 		10464 	1021056 		582240 		315424
	108 	alloc 		51552 	619552 		530688 		315424
	109 	free 		110816 	0 		641504 		315424
	110 	free 		51552 	0 		693056 		315424
	111 	alloc 		31200 	395264 		661856 		315424
	112 	free 		79840 	0 		741696 		395264
	113 	free 		51808 	0 		793504 		395264
	114 	alloc 		63648 	426464 		729856 		395264
	115 	free 		61664 	0 		791520 		395264
	116 	free 		108192 	0 		899712 		487392
	117 	alloc 		96480 	0 		803232 		487392
	118 	alloc 		44832 	96480 		758400 		487392
	119 	alloc 		24864 	141312 		733536 		487392
	120 	free 		24864 	0 		758400 		487392
	121 	alloc 		80224 	141312 		678176 		487392
	122 	alloc 		91680 	221536 		586496 		487392
	123 	free 		10464 	0 		596960 		487392
	124 	alloc 		94752 	490112 		502208 		392640
	125 	alloc 		113376 	584864 		388832 		279264
	126 	alloc 		82272 	698240 		306560 		196992
	127 	free 		43552 	0 		350112 		268064
	128 	free 		31200 	0 		381312 		268064
	129 	alloc 		124832 	780512 		256480 		143232
	130 	alloc 		45664 	313216 		210816 		143232
	131 	free 		63648 	0 		274464 		143232
	132 	alloc 		94432 	358880 		180032 		143232
	133 	free 		82272 	0 		262304 		143232
	134 	free 		94752 	0 		357056 		143232
	135 	free 		91680 	0 		448736 		143232
	136 	alloc 		44192 	698240 		404544 		143232
	137 	free 		94432 	0 		498976 		225984
	138 	alloc 		93856 	905344 		405120 		225984
	139 	alloc 		124064 	358880 		281056 		101920
	140 	free 		44192 	0 		325248 		101920
	141 	free 		44832 	0 		370080 		101920
	142 	free 		80224 	0 		450304 		216736
	143 	alloc 		24288 	999200 		426016 		216736
	144 	free 		96480 	0 		522496 		313216
	145 	free 		124064 	0 		646560 		313216
	146 	free 		113376 	0 		759936 		421632
	147 	alloc 		84000 	0 		675936 		421632
	148 	alloc 		62688 	84000 		613248 		421632
	149 	free 		84000 	0 		697248 		421632
	150 	free 		124832 	0 		822080 		546464
	151 	alloc 		123104 	146688 		698976 		546464
	152 	alloc 		84384 	358880 		614592 		462080
	153 	alloc 		67936 	0 		546656 		462080
	154 	alloc 		67872 	443264 		478784 		394208
	155 	free 		62688 	0 		541472 		394208
	156 	free 		45664 	0 		587136 		394208
	157 	alloc 		91104 	511136 		496032 		303104
	158 	alloc 		21280 	1023488 		474752 		303104
	159 	alloc 		8480 	67936 		466272 		303104
	160 	free 		93856 	0 		560128 		396960
	161 	alloc 		27872 	76416 		532256 		396960
	162 	alloc 		30304 	104288 		501952 		396960
	163 	alloc 		44256 	269792 		457696 		396960
	164 	free 		21280 	0 		478976 		396960
	165 	alloc 		93408 	602240 		385568 		303552
	166 	alloc 		46368 	695648 		339200 		257184
	167 	alloc 		47584 	742016 		291616 		209600
	168 	free 		91104 	0 		382720 		209600
	169 	free 		44256 	0 		426976 		209600
	170 	free 		123104 	0 		550080 		224288
	171 	free 		24288 	0 		574368 		258976
	172 	alloc 		122528 	134592 		451840 		258976
	173 	alloc 		56800 	511136 		395040 		258976
	174 	free 		67936 	0 		462976 		258976
	175 	free 		67872 	0 		530848 		258976
	176 	alloc 		69984 	257120 		460864 		258976
	177 	free 		84384 	0 		545248 		258976
	178 	alloc 		92448 	327104 		452800 		258976
	179 	alloc 		18400 	567936 		434400 		258976
	180 	free 		27872 	0 		462272 		258976
	181 	free 		8480 	0 		470752 		258976
	182 	free 		122528 	0 		593280 		258976
	183 	free 		30304 	0 		623584 		258976
	184 	alloc 		74080 	419552 		549504 		258976
	185 	alloc 		114656 	0 		434848 		258976
	186 	alloc 		93216 	114656 		341632 		258976
	187 	alloc 		103776 	789600 		237856 		155200
	188 	alloc 		3936 	586336 		233920 		155200
	189 	free 		46368 	0 		280288 		155200
	190 	free 		93408 	0 		373696 		155200
	191 	free 		69984 	0 		443680 		155200
	192 	free 		47584 	0 		491264 		199328
	193 	alloc 		94240 	207872 		397024 		199328
	194 	free 		93216 	0 		490240 		199328
	195 	free 		18400 	0 		508640 		199328
	196 	alloc 		112480 	893376 		396160 		199328
	197 	free 		56800 	0 		452960 		199328
	198 	free 		103776 	0 		556736 		303104
	199 	alloc 		102560 	590272 		454176 		200544
	200 	alloc 		91424 	493632 		362752 		200544
	201 	alloc 		69472 	114656 		293280 		200544
	202 	alloc 		15328 	184128 		277952 		200544
	203 	alloc 		14240 	302112 		263712 		200544
	204 	alloc 		105760 	692832 		157952 		94784
	205 	free 		92448 	0 		250400 		103200
	206 	free 		74080 	0 		324480 		177280
	207 	alloc 		80608 	798592 		243872 		177280
	208 	alloc 		101536 	316352 		142336 		75744
	209 	free 		91424 	0 		233760 		168448
	210 	alloc 		63648 	417888 		170112 		104800
	211 	free 		112480 	0 		282592 		169376
	212 	alloc 		46304 	481536 		236288 		169376
	213 	alloc 		112480 	879200 		123808 		58496
	214 	free 		114656 	0 		238464 		114656
	215 	free 		3936 	0 		242400 		114656
	216 	alloc 		48992 	991680 		193408 		114656
	217 	alloc 		128224 	-1 		193408 		114656
	218 	alloc 		65568 	0 		127840 		62432
	219 	alloc 		14816 	65568 		113024 		62432
	220 	free 		15328 	0 		128352 		62432
	221 	free 		46304 	0 		174656 		108736
	222 	free 		94240 	0 		268896 		117984
	223 	free 		63648 	0 		332544 		172384
	224 	free 		14816 	0 		347360 		172384
	225 	free 		69472 	0 		416832 		236544
	226 	alloc 		122592 	417888 		294240 		236544
	227 	alloc 		16480 	540480 		277760 		236544
	228 	free 		101536 	0 		379296 		236544
	229 	free 		102560 	0 		481856 		236544
	230 	alloc 		122080 	556960 		359776 		236544
	231 	free 		14240 	0 		374016 		352320
	232 	free 		112480 	0 		486496 		352320
	233 	free 		105760 	0 		592256 		352320
	234 	alloc 		116000 	679040 		476256 		352320
	235 	alloc 		65824 	879200 		410432 		352320
	236 	alloc 		110944 	65568 		299488 		241376
	237 	free 		80608 	0 		380096 		241376
	238 	alloc 		36192 	945024 		343904 		241376
	239 	alloc 		58336 	795040 		285568 		241376
	240 	free 		48992 	0 		334560 		241376
	241 	free 		122592 	0 		457152 		363968
	242 	free 		116000 	0 		573152 		363968
	243 	alloc 		57184 	981216 		515968 		363968
	244 	free 		16480 	0 		532448 		380448
	245 	free 		65568 	0 		598016 		380448
	246 	free 		128224 	-1 		598016 		380448
	247 	alloc 		105632 	679040 		492384 		380448
	248 	alloc 		121056 	176512 		371328 		259392
	249 	free 		121056 	0 		492384 		380448
	250 	free 		122080 	0 		614464 		502528
	251 	alloc 		42080 	0 		572384 		502528
	252 	alloc 		87328 	176512 		485056 		415200
	253 	alloc 		8352 	1038400 		476704 		415200
	254 	alloc 		48416 	263840 		428288 		366784
	255 	free 		105632 	0 		533920 		482784
	256 	free 		42080 	0 		576000 		482784
	257 	alloc 		17312 	853376 		558688 		482784
	258 	free 		57184 	0 		615872 		482784
	259 	alloc 		63136 	0 		552736 		482784
	260 	free 		110944 	0 		663680 		482784
	261 	free 		65824 	0 		729504 		482784
	262 	alloc 		47328 	981216 		682176 		482784
	263 	free 		36192 	0 		718368 		482784
	264 	free 		58336 	0 		776704 		541120
	265 	alloc 		52256 	870688 		724448 		541120
	266 	alloc 		118048 	312256 		606400 		423072
	267 	alloc 		98656 	63136 		507744 		423072
	268 	alloc 		11552 	161792 		496192 		423072
	269 	alloc 		125344 	430304 		370848 		297728
	270 	free 		17312 	0 		388160 		315040
	271 	alloc 		116064 	555648 		272096 		198976
	272 	alloc 		69664 	671712 		202432 		129312
	273 	free 		116064 	0 		318496 		129312
	274 	free 		48416 	0 		366912 		129312
	275 	alloc 		114976 	555648 		251936 		129312
	276 	alloc 		44064 	263840 		207872 		129312
	277 	free 		8352 	0 		216224 		129312
	278 	alloc 		39520 	922944 		176704 		129312
	279 	alloc 		106784 	741376 		69920 		22528
	280 	free 		47328 	0 		117248 		86112
	281 	free 		87328 	0 		204576 		90496
	282 	free 		63136 	0 		267712 		90496
	283 	alloc 		24096 	0 		243616 		90496
	284 	alloc 		71968 	962464 		171648 		90496
	285 	free 		44064 	0 		215712 		138912
	286 	alloc 		58976 	173344 		156736 		79936
	287 	free 		69664 	0 		226400 		79936
	288 	free 		98656 	0 		325056 		137696
	289 	free 		125344 	0 		450400 		137696
	290 	free 		106784 	0 		557184 		200064
	291 	free 		52256 	0 		609440 		252320
	292 	alloc 		111008 	430304 		498432 		252320
	293 	free 		11552 	0 		509984 		252320
	294 	alloc 		42336 	232320 		467648 		252320
	295 	alloc 		121184 	24096 		346464 		252320
	296 	free 		118048 	0 		464512 		252320
	297 	alloc 		26848 	145280 		437664 		252320
	298 	alloc 		77216 	274656 		360448 		252320
	299 	alloc 		103776 	670624 		256672 		148544
	300 	alloc 		120480 	774400 		136192 		78432
	301 	free 		71968 	0 		208160 		86112
	302 	alloc 		118560 	-1 		208160 		86112
	303 	alloc 		42080 	351872 		166080 		86112
	304 	free 		114976 	0 		281056 		129312
	305 	free 		39520 	0 		320576 		153696
	306 	free 		42336 	0 		362912 		153696
	307 	alloc 		72992 	541312 		289920 		153696
	308 	free 		118560 	-1 		289920 		153696
	309 	alloc 		44512 	614304 		245408 		153696
	310 	free 		120480 	0 		365888 		274176
	311 	alloc 		32224 	393952 		333664 		274176
	312 	alloc 		87648 	774400 		246016 		186528
	313 	free 		24096 	0 		270112 		186528
	314 	alloc 		32352 	232320 		237760 		186528
	315 	free 		58976 	0 		296736 		186528
	316 	free 		26848 	0 		323584 		186528
	317 	free 		111008 	0 		434592 		186528
	318 	alloc 		63584 	145280 		371008 		186528
	319 	free 		42080 	0 		413088 		186528
	320 	alloc 		30624 	351872 		382464 		186528
	321 	alloc 		18336 	208864 		364128 		186528
	322 	free 		121184 	0 		485312 		186528
	323 	free 		44512 	0 		529824 		186528
	324 	alloc 		224 	227200 		529600 		186528
	325 	free 		103776 	0 		633376 		186528
	326 	alloc 		113760 	426176 		519616 		186528
	327 	free 		77216 	0 		596832 		186528
	328 	alloc 		12960 	264672 		583872 		186528
	329 	alloc 		46688 	277632 		537184 		186528
	330 	alloc 		44128 	0 		493056 		186528
	331 	alloc 		86176 	44128 		406880 		186528
	332 	alloc 		109792 	614304 		297088 		186528
	333 	free 		32352 	0 		329440 		186528
	334 	alloc 		74784 	862048 		254656 		111744
	335 	free 		72992 	0 		327648 		111744
	336 	alloc 		1376 	382496 		326272 		111744
	337 	free 		113760 	0 		440032 		188128
	338 	free 		30624 	0 		470656 		188128
	339 	free 		32224 	0 		502880 		230432
	340 	free 		87648 	0 		590528 		230432
	341 	alloc 		50848 	324320 		539680 		230432
	342 	alloc 		80800 	936832 		458880 		230432
	343 	free 		63584 	0 		522464 		230432
	344 	free 		12960 	0 		535424 		230432
	345 	alloc 		117088 	724096 		418336 		230432
	346 	alloc 		112864 	383872 		305472 		117568
	347 	alloc 		3616 	375168 		301856 		117568
	348 	free 		224 	0 		302080 		117568
	349 	alloc 		56224 	130304 		245856 		117568
	350 	alloc 		128160 	-1 		245856 		117568
	351 	free 		18336 	0 		264192 		117568
	352 	alloc 		85472 	186528 		178720 		117568
	353 	free 		44128 	0 		222848 		117568
	354 	alloc 		55456 	496736 		167392 		62112
	355 	free 		46688 	0 		214080 		62112
	356 	free 		74784 	0 		288864 		95648
	357 	free 		1376 	0 		290240 		95648
	358 	free 		109792 	0 		400032 		171904
	359 	free 		86176 	0 		486208 		171904
	360 	alloc 		23264 	1017632 		462944 		171904
	361 	free 		50848 	0 		513792 		171904
	362 	free 		80800 	0 		594592 		176448
	363 	free 		117088 	0 		711680 		465440
	364 	alloc 		37792 	272000 		673888 		465440
	365 	free 		3616 	0 		677504 		465440
	366 	free 		23264 	0 		700768 		496384
	367 	free 		56224 	0 		756992 		496384
	368 	alloc 		69728 	309792 		687264 		496384
	369 	alloc 		2208 	379520 		685056 		496384
	370 	alloc 		6368 	0 		678688 		496384
	371 	alloc 		40608 	6368 		638080 		496384
	372 	alloc 		103328 	46976 		534752 		496384
	373 	alloc 		53280 	552192 		481472 		443104
	374 	free 		112864 	0 		594336 		443104
	375 	alloc 		87200 	381728 		507136 		443104
	376 	free 		69728 	0 		576864 		443104
	377 	alloc 		70752 	605472 		506112 		372352
	378 	alloc 		68832 	309792 		437280 		372352
	379 	free 		85472 	0 		522752 		372352
	380 	free 		128160 	-1 		522752 		372352
	381 	alloc 		36000 	150304 		486752 		372352
	382 	free 		55456 	0 		542208 		372352
	383 	free 		37792 	0 		580000 		372352
	384 	alloc 		117344 	186304 		462656 		372352
	385 	alloc 		46176 	468928 		416480 		372352
	386 	free 		87200 	0 		503680 		372352
	387 	alloc 		83872 	381728 		419808 		372352
	388 	free 		40608 	0 		460416 		372352
	389 	alloc 		118112 	676224 		342304 		254240
	390 	free 		36000 	0 		378304 		254240
	391 	free 		103328 	0 		481632 		254240
	392 	alloc 		91808 	6368 		389824 		254240
	393 	free 		53280 	0 		443104 		254240
	394 	alloc 		40608 	98176 		402496 		254240
	395 	alloc 		27040 	138784 		375456 		254240
	396 	free 		118112 	0 		493568 		372352
	397 	free 		6368 	0 		499936 		372352
	398 	free 		2208 	0 		502144 		372352
	399 	alloc 		37344 	515104 		464800 		372352
	400 	alloc 		45152 	552448 		419648 		372352
	401 	alloc 		21152 	676224 		398496 		351200
	402 	alloc 		107168 	697376 		291328 		244032
	403 	alloc 		72416 	804544 		218912 		171616
	404 	free 		83872 	0 		302784 		171616
	405 	free 		70752 	0 		373536 		171616
	406 	alloc 		30944 	597600 		342592 		171616
	407 	free 		68832 	0 		411424 		171616
	408 	alloc 		66208 	303648 		345216 		171616
	409 	alloc 		108512 	876960 		236704 		99072
	410 	free 		45152 	0 		281856 		99072
	411 	free 		91808 	0 		373664 		99072
	412 	alloc 		64160 	0 		309504 		99072
	413 	free 		46176 	0 		355680 		145248
	414 	free 		117344 	0 		473024 		145248
	415 	alloc 		22304 	64160 		450720 		145248
	416 	free 		21152 	0 		471872 		145248
	417 	alloc 		28896 	552448 		442976 		145248
	418 	free 		27040 	0 		470016 		164864
	419 	free 		37344 	0 		507360 		182592
	420 	free 		40608 	0 		547968 		217184
	421 	free 		72416 	0 		620384 		217184
	422 	free 		66208 	0 		686592 		465984
	423 	alloc 		61856 	985472 		624736 		465984
	424 	free 		107168 	0 		731904 		465984
	425 	free 		30944 	0 		762848 		465984
	426 	alloc 		54688 	581344 		708160 		465984
	427 	alloc 		7648 	636032 		700512 		465984
	428 	alloc 		85728 	643680 		614784 		465984
	429 	alloc 		111136 	729408 		503648 		465984
	430 	free 		28896 	0 		532544 		494880
	431 	free 		54688 	0 		587232 		549568
	432 	free 		22304 	0 		609536 		571872
	433 	alloc 		10784 	840544 		598752 		571872
	434 	alloc 		95520 	64160 		503232 		476352
	435 	free 		61856 	0 		565088 		476352
	436 	free 		108512 	0 		673600 		476352
	437 	free 		111136 	0 		784736 		476352
	438 	alloc 		67104 	729408 		717632 		476352
	439 	alloc 		129184 	851328 		588448 		476352
	440 	free 		64160 	0 		652608 		476352
	441 	free 		10784 	0 		663392 		476352
	442 	alloc 		7904 	796512 		655488 		476352
	443 	free 		85728 	0 		741216 		476352
	444 	alloc 		18784 	804416 		722432 		476352
	445 	alloc 		40032 	0 		682400 		476352
	446 	alloc 		119200 	159680 		563200 		357152
	447 	alloc 		28384 	980512 		534816 		357152
	448 	alloc 		103264 	278880 		431552 		253888
	449 	alloc 		74464 	643680 		357088 		253888
	450 	alloc 		3936 	718144 		353152 		253888
	451 	free 		129184 	0 		482336 		253888
	452 	alloc 		13728 	40032 		468608 		253888
	453 	free 		7904 	0 		476512 		253888
	454 	free 		67104 	0 		543616 		253888
	455 	alloc 		89696 	823200 		453920 		253888
	456 	free 		119200 	0 		573120 		253888
	457 	free 		7648 	0 		580768 		261536
	458 	free 		74464 	0 		655232 		336000
	459 	free 		103264 	0 		758496 		558464
	460 	alloc 		96224 	159680 		662272 		462240
	461 	alloc 		114784 	255904 		547488 		347456
	462 	free 		89696 	0 		637184 		347456
	463 	free 		40032 	0 		677216 		347456
	464 	free 		95520 	0 		772736 		347456
	465 	alloc 		47200 	722080 		725536 		347456
	466 	alloc 		45152 	53760 		680384 		347456
	467 	free 		3936 	0 		684320 		351392
	468 	alloc 		11680 	769280 		672640 		351392
	469 	alloc 		91040 	823200 		581600 		351392
	470 	free 		11680 	0 		593280 		351392
	471 	alloc 		126944 	370688 		466336 		224448
	472 	free 		28384 	0 		494720 		224448
	473 	free 		126944 	0 		621664 		351392
	474 	free 		18784 	0 		640448 		351392
	475 	alloc 		105248 	914240 		535200 		351392
	476 	alloc 		111264 	370688 		423936 		240128
	477 	free 		96224 	0 		520160 		240128
	478 	alloc 		54624 	98912 		465536 		240128
	479 	free 		13728 	0 		479264 		240128
	480 	free 		91040 	0 		570304 		240128
	481 	free 		45152 	0 		615456 		240128
	482 	free 		111264 	0 		726720 		351392
	483 	free 		114784 	0 		841504 		568544
	484 	alloc 		115872 	769280 		725632 		568544
	485 	alloc 		97376 	0 		628256 		568544
	486 	alloc 		71264 	153536 		556992 		497280
	487 	alloc 		30880 	224800 		526112 		466400
	488 	alloc 		34016 	255680 		492096 		432384
	489 	alloc 		121504 	289696 		370592 		310880
	490 	alloc 		34784 	411200 		335808 		276096
	491 	free 		47200 	0 		383008 		323296
	492 	alloc 		41248 	445984 		341760 		282048
	493 	alloc 		63904 	487232 		277856 		218144
	494 	free 		121504 	0 		399360 		218144
	495 	alloc 		127520 	551136 		271840 		121504
	496 	free 		41248 	0 		313088 		121504
	497 	free 		71264 	0 		384352 		121504
	498 	free 		54624 	0 		438976 		127424
	499 	free 		115872 	0 		554848 		235584
	500 	alloc 		33760 	445984 		521088 		235584
	501 	free 		105248 	0 		626336 		369920
	502 	alloc 		78112 	289696 		548224 		369920
	503 	free 		127520 	0 		675744 		497440
	504 	alloc 		40928 	367808 		634816 		497440
	505 	alloc 		32800 	97376 		602016 		497440
	506 	alloc 		17568 	130176 		584448 		497440
	507 	free 		63904 	0 		648352 		568832
	508 	free 		97376 	0 		745728 		568832
	509 	free 		30880 	0 		776608 		568832
	510 	free 		34016 	0 		810624 		568832
	511 	alloc 		32672 	0 		777952 		568832
	512 	alloc 		93280 	147744 		684672 		568832
	513 	free 		33760 	0 		718432 		602592
	514 	alloc 		129056 	445984 		589376 		473536
	515 	free 		32800 	0 		622176 		473536
	516 	free 		17568 	0 		639744 		473536
	517 	free 		34784 	0 		674528 		473536
	518 	alloc 		123872 	575040 		550656 		349664
	519 	alloc 		40160 	241024 		510496 		349664
	520 	alloc 		108320 	32672 		402176 		349664
	521 	alloc 		14752 	408736 		387424 		349664
	522 	alloc 		92512 	698912 		294912 		257152
	523 	free 		123872 	0 		418784 		257152
	524 	free 		129056 	0 		547840 		275424
	525 	free 		40928 	0 		588768 		275424
	526 	free 		108320 	0 		697088 		275424
	527 	alloc 		71904 	32672 		625184 		275424
	528 	alloc 		32608 	367808 		592576 		275424
	529 	free 		78112 	0 		670688 		275424
	530 	alloc 		19360 	104576 		651328 		275424
	531 	alloc 		76256 	281184 		575072 		275424
	532 	alloc 		83040 	791424 		492032 		275424
	533 	free 		32672 	0 		524704 		275424
	534 	free 		92512 	0 		617216 		367936
	535 	alloc 		117408 	874464 		499808 		367936
	536 	alloc 		103520 	423488 		396288 		264416
	537 	alloc 		55584 	991872 		340704 		264416
	538 	alloc 		35168 	527008 		305536 		229248
	539 	free 		14752 	0 		320288 		229248
	540 	free 		35168 	0 		355456 		264416
	541 	free 		93280 	0 		448736 		264416
	542 	alloc 		57888 	123936 		390848 		264416
	543 	free 		40160 	0 		431008 		264416
	544 	alloc 		105312 	527008 		325696 		159104
	545 	free 		76256 	0 		401952 		185984
	546 	alloc 		23584 	0 		378368 		185984
	547 	alloc 		95584 	632320 		282784 		185984
	548 	free 		23584 	0 		306368 		185984
	549 	alloc 		33632 	727904 		272736 		185984
	550 	free 		71904 	0 		344640 		185984
	551 	alloc 		117344 	181824 		227296 		104576
	552 	free 		32608 	0 		259904 		124320
	553 	free 		19360 	0 		279264 		124320
	554 	alloc 		49888 	0 		229376 		124320
	555 	free 		49888 	0 		279264 		124320
	556 	alloc 		126048 	-1 		279264 		124320
	557 	free 		95584 	0 		374848 		124320
	558 	free 		126048 	-1 		374848 		124320
	559 	free 		117408 	0 		492256 		124320
	560 	free 		83040 	0 		575296 		230336
	561 	alloc 		76064 	632320 		499232 		230336
	562 	alloc 		36832 	0 		462400 		230336
	563 	free 		57888 	0 		520288 		230336
	564 	free 		105312 	0 		625600 		230336
	565 	free 		55584 	0 		681184 		287040
	566 	free 		103520 	0 		784704 		333152
	567 	alloc 		71008 	36832 		713696 		333152
	568 	alloc 		8672 	708384 		705024 		333152
	569 	free 		117344 	0 		822368 		524480
	570 	alloc 		49760 	761536 		772608 		524480
	571 	alloc 		94816 	811296 		677792 		524480
	572 	free 		94816 	0 		772608 		524480
	573 	alloc 		127328 	811296 		645280 		524480
	574 	free 		36832 	0 		682112 		524480
	575 	free 		76064 	0 		758176 		600544
	576 	alloc 		72992 	938624 		685184 		600544
	577 	free 		33632 	0 		718816 		600544
	578 	free 		127328 	0 		846144 		600544
	579 	alloc 		93408 	811296 		752736 		600544
	580 	alloc 		81568 	107840 		671168 		518976
	581 	alloc 		100960 	189408 		570208 		418016
	582 	alloc 		52576 	290368 		517632 		365440
	583 	alloc 		69664 	342944 		447968 		295776
	584 	alloc 		75040 	412608 		372928 		220736
	585 	free 		75040 	0 		447968 		295776
	586 	alloc 		82656 	412608 		365312 		213120
	587 	alloc 		72864 	495264 		292448 		140256
	588 	free 		71008 	0 		363456 		140256
	589 	alloc 		62432 	0 		301024 		140256
	590 	alloc 		53280 	568128 		247744 		86976
	591 	alloc 		48992 	621408 		198752 		45408
	592 	alloc 		58208 	-1 		198752 		45408
	593 	free 		93408 	0 		292160 		127328
	594 	free 		49760 	0 		341920 		221568
	595 	free 		62432 	0 		404352 		221568
	596 	free 		8672 	0 		413024 		268224
	597 	free 		48992 	0 		462016 		317216
	598 	free 		72864 	0 		534880 		317216
	599 	alloc 		55456 	495264 		479424 		317216
	600 	alloc 		35232 	1011616 		444192 		317216
	601 	free 		72992 	0 		517184 		390208
	602 	free 		35232 	0 		552416 		427168
	603 	alloc 		1824 	550720 		550592 		427168
	604 	alloc 		65568 	0 		485024 		427168
	605 	alloc 		57440 	621408 		427584 		369728
	606 	free 		1824 	0 		429408 		369728
	607 	free 		81568 	0 		510976 		369728
	608 	free 		52576 	0 		563552 		369728
	609 	alloc 		24288 	290368 		539264 		369728
	610 	alloc 		91040 	65568 		448224 		369728
	611 	free 		100960 	0 		549184 		369728
	612 	alloc 		102944 	156608 		446240 		369728
	613 	free 		69664 	0 		515904 		369728
	614 	alloc 		78304 	314656 		437600 		369728
	615 	free 		82656 	0 		520256 		369728
	616 	free 		55456 	0 		575712 		369728
	617 	alloc 		98528 	392960 		477184 		369728
	618 	alloc 		54304 	491488 		422880 		369728
	619 	free 		53280 	0 		476160 		369728
	620 	free 		58208 	-1 		476160 		369728
	621 	alloc 		126240 	678848 		349920 		243488
	622 	free 		24288 	0 		374208 		243488
	623 	alloc 		97568 	805088 		276640 		145920
	624 	free 		57440 	0 		334080 		145920
	625 	free 		54304 	0 		388384 		187360
	626 	alloc 		78560 	902656 		309824 		187360
	627 	alloc 		57952 	981216 		251872 		187360
	628 	free 		65568 	0 		317440 		187360
	629 	alloc 		81184 	491488 		236256 		106176
	630 	free 		91040 	0 		327296 		156608
	631 	alloc 		76000 	572672 		251296 		156608
	632 	alloc 		108896 	0 		142400 		55104
	633 	alloc 		15136 	648672 		127264 		55104
	634 	alloc 		65696 	-1 		127264 		55104
	635 	alloc 		100448 	-1 		127264 		55104
	636 	free 		78560 	0 		205824 		78560
	637 	free 		97568 	0 		303392 		176128
	638 	free 		15136 	0 		318528 		176128
	639 	free 		98528 	0 		417056 		176128
	640 	free 		102944 	0 		520000 		205760
	641 	alloc 		67424 	392960 		452576 		205760
	642 	free 		65696 	-1 		452576 		205760
	643 	free 		78304 	0 		530880 		284064
	644 	alloc 		15648 	648672 		515232 		284064
	645 	alloc 		19744 	460384 		495488 		284064
	646 	alloc 		117536 	805088 		377952 		284064
	647 	free 		126240 	0 		504192 		284064
	648 	free 		67424 	0 		571616 		351488
	649 	free 		81184 	0 		652800 		351488
	650 	alloc 		76512 	480128 		576288 		351488
	651 	alloc 		80928 	664320 		495360 		351488
	652 	alloc 		41568 	922624 		453792 		351488
	653 	free 		100448 	-1 		453792 		351488
	654 	alloc 		48608 	745248 		405184 		351488
	655 	free 		76000 	0 		481184 		351488
	656 	free 		57952 	0 		539136 		351488
	657 	free 		108896 	0 		648032 		460384
	658 	alloc 		55712 	964192 		592320 		460384
	659 	free 		19744 	0 		612064 		480128
	660 	free 		55712 	0 		667776 		480128
	661 	alloc 		27296 	964192 		640480 		480128
	662 	free 		117536 	0 		758016 		480128
	663 	alloc 		127584 	793856 		630432 		480128
	664 	alloc 		12704 	991488 		617728 		480128
	665 	free 		15648 	0 		633376 		480128
	666 	free 		41568 	0 		674944 		480128
	667 	alloc 		105632 	556640 		569312 		480128
	668 	free 		80928 	0 		650240 		480128
	669 	free 		105632 	0 		755872 		480128
	670 	alloc 		53664 	556640 		702208 		480128
	671 	alloc 		30752 	921440 		671456 		480128
	672 	free 		53664 	0 		725120 		480128
	673 	alloc 		51552 	556640 		673568 		480128
	674 	alloc 		59232 	608192 		614336 		480128
	675 	free 		48608 	0 		662944 		480128
	676 	alloc 		126816 	0 		536128 		353312
	677 	free 		12704 	0 		548832 		353312
	678 	alloc 		54688 	991488 		494144 		353312
	679 	alloc 		9760 	952192 		484384 		353312
	680 	free 		76512 	0 		560896 		429824
	681 	alloc 		111456 	667424 		449440 		429824
	682 	alloc 		28896 	126816 		420544 		400928
	683 	alloc 		45088 	155712 		375456 		355840
	684 	free 		30752 	0 		406208 		355840
	685 	alloc 		11040 	778880 		395168 		355840
	686 	free 		127584 	0 		522752 		355840
	687 	alloc 		52000 	789920 		470752 		355840
	688 	alloc 		16736 	841920 		454016 		355840
	689 	alloc 		62816 	858656 		391200 		355840
	690 	free 		16736 	0 		407936 		355840
	691 	free 		27296 	0 		435232 		355840
	692 	free 		59232 	0 		494464 		355840
	693 	free 		51552 	0 		546016 		466624
	694 	alloc 		3040 	841920 		542976 		466624
	695 	alloc 		56672 	200800 		486304 		409952
	696 	alloc 		31584 	257472 		454720 		378368
	697 	free 		28896 	0 		483616 		378368
	698 	free 		45088 	0 		528704 		378368
	699 	free 		9760 	0 		538464 		378368
	700 	free 		111456 	0 		649920 		489824
	701 	alloc 		81888 	289056 		568032 		407936
	702 	free 		11040 	0 		579072 		418976
	703 	alloc 		44320 	921472 		534752 		418976
	704 	alloc 		75040 	370944 		459712 		343936
	705 	free 		126816 	0 		586528 		343936
	706 	free 		54688 	0 		641216 		343936
	707 	alloc 		113376 	0 		527840 		343936
	708 	free 		44320 	0 		572160 		343936
	709 	alloc 		21472 	113376 		550688 		343936
	710 	alloc 		19744 	134848 		530944 		343936
	711 	free 		52000 	0 		582944 		395936
	712 	free 		3040 	0 		585984 		412672
	713 	alloc 		123936 	921472 		462048 		412672
	714 	alloc 		117664 	445984 		344384 		295008
	715 	free 		81888 	0 		426272 		295008
	716 	free 		62816 	0 		489088 		357824
	717 	alloc 		71712 	289056 		417376 		357824
	718 	free 		113376 	0 		530752 		357824
	719 	alloc 		31584 	154592 		499168 		357824
	720 	free 		56672 	0 		555840 		357824
	721 	alloc 		114592 	563648 		441248 		243232
	722 	free 		71712 	0 		512960 		243232
	723 	alloc 		608 	1045408 		512352 		243232
	724 	alloc 		19360 	186176 		492992 		243232
	725 	alloc 		58592 	289056 		434400 		243232
	726 	free 		31584 	0 		465984 		243232
	727 	free 		21472 	0 		487456 		243232
	728 	free 		58592 	0 		546048 		243232
	729 	alloc 		51360 	0 		494688 		243232
	730 	free 		123936 	0 		618624 		367168
	731 	free 		75040 	0 		693664 		367168
	732 	free 		19744 	0 		713408 		367168
	733 	alloc 		22112 	51360 		691296 		367168
	734 	alloc 		108960 	205536 		582336 		367168
	735 	alloc 		18016 	73472 		564320 		367168
	736 	alloc 		24864 	91488 		539456 		367168
	737 	alloc 		92064 	314496 		447392 		367168
	738 	free 		108960 	0 		556352 		367168
	739 	alloc 		88800 	205536 		467552 		367168
	740 	free 		114592 	0 		582144 		481760
	741 	alloc 		27296 	116352 		554848 		481760
	742 	free 		31584 	0 		586432 		481760
	743 	free 		117664 	0 		704096 		638848
	744 	free 		608 	0 		704704 		642016
	745 	free 		88800 	0 		793504 		642016
	746 	alloc 		99040 	205536 		694464 		642016
	747 	free 		19360 	0 		713824 		642016
	748 	free 		22112 	0 		735936 		642016
	749 	alloc 		117920 	406560 		618016 		524096
	750 	free 		99040 	0 		717056 		524096
	751 	free 		92064 	0 		809120 		524096
	752 	free 		18016 	0 		827136 		524096
	753 	alloc 		76064 	143648 		751072 		524096
	754 	free 		51360 	0 		802432 		524096
	755 	alloc 		38816 	0 		763616 		524096
	756 	alloc 		32544 	38816 		731072 		524096
	757 	free 		76064 	0 		807136 		524096
	758 	alloc 		22880 	143648 		784256 		524096
	759 	free 		24864 	0 		809120 		524096
	760 	alloc 		56096 	166528 		753024 		524096
	761 	alloc 		31328 	71360 		721696 		524096
	762 	alloc 		3360 	102688 		718336 		524096
	763 	free 		22880 	0 		741216 		524096
	764 	alloc 		105696 	222624 		635520 		524096
	765 	alloc 		97952 	524480 		537568 		426144
	766 	free 		117920 	0 		655488 		426144
	767 	free 		27296 	0 		682784 		426144
	768 	alloc 		19808 	106048 		662976 		426144
	769 	alloc 		18272 	125856 		644704 		426144
	770 	alloc 		115680 	328320 		529024 		426144
	771 	alloc 		53984 	444000 		475040 		426144
	772 	free 		115680 	0 		590720 		426144
	773 	free 		38816 	0 		629536 		426144
	774 	alloc 		112032 	328320 		517504 		426144
	775 	alloc 		5792 	144128 		511712 		426144
	776 	free 		31328 	0 		543040 		426144
	777 	free 		32544 	0 		575584 		426144
	778 	free 		5792 	0 		581376 		426144
	779 	alloc 		28384 	0 		552992 		426144
	780 	alloc 		121824 	622432 		431168 		304320
	781 	free 		18272 	0 		449440 		304320
	782 	free 		19808 	0 		469248 		304320
	783 	alloc 		15456 	497984 		453792 		304320
	784 	free 		97952 	0 		551744 		304320
	785 	free 		15456 	0 		567200 		304320
	786 	free 		105696 	0 		672896 		304320
	787 	alloc 		17824 	106048 		655072 		304320
	788 	free 		112032 	0 		767104 		304320
	789 	alloc 		16736 	123872 		750368 		304320
	790 	free 		56096 	0 		806464 		304320
	791 	free 		3360 	0 		809824 		304320
	792 	alloc 		81376 	497984 		728448 		304320
	793 	alloc 		39328 	579360 		689120 		304320
	794 	alloc 		34592 	28384 		654528 		304320
	795 	free 		53984 	0 		708512 		357376
	796 	alloc 		124896 	744256 		583616 		357376
	797 	free 		39328 	0 		622944 		357376
	798 	alloc 		69856 	869152 		553088 		357376
	799 	alloc 		92640 	939008 		460448 		357376
	800 	free 		28384 	0 		488832 		357376
	801 	free 		16736 	0 		505568 		374112
	802 	alloc 		126624 	123872 		378944 		247488
	803 	alloc 		16864 	1031648 		362080 		247488
	804 	free 		92640 	0 		454720 		247488
	805 	free 		81376 	0 		536096 		371936
	806 	free 		121824 	0 		657920 		493760
	807 	alloc 		39520 	62976 		618400 		493760
	808 	alloc 		4128 	0 		614272 		493760
	809 	free 		16864 	0 		631136 		493760
	810 	free 		17824 	0 		648960 		493760
	811 	alloc 		125984 	250496 		522976 		367776
	812 	alloc 		107040 	939008 		415936 		367776
	813 	alloc 		123808 	376480 		292128 		243968
	814 	alloc 		77088 	500288 		215040 		166880
	815 	free 		123808 	0 		338848 		166880
	816 	free 		126624 	0 		465472 		166880
	817 	free 		69856 	0 		535328 		166880
	818 	free 		39520 	0 		574848 		187520
	819 	alloc 		82912 	376480 		491936 		187520
	820 	alloc 		51552 	869152 		440384 		187520
	821 	alloc 		67360 	577376 		373024 		187520
	822 	free 		34592 	0 		407616 		246368
	823 	alloc 		76000 	644736 		331616 		246368
	824 	alloc 		23840 	459392 		307776 		246368
	825 	free 		124896 	0 		432672 		246368
	826 	free 		76000 	0 		508672 		246368
	827 	alloc 		38112 	644736 		470560 		246368
	828 	alloc 		110112 	682848 		360448 		246368
	829 	free 		67360 	0 		427808 		246368
	830 	free 		110112 	0 		537920 		246368
	831 	free 		4128 	0 		542048 		250496
	832 	alloc 		2656 	483232 		539392 		250496
	833 	free 		2656 	0 		542048 		250496
	834 	alloc 		120352 	682848 		421696 		250496
	835 	alloc 		80864 	0 		340832 		169632
	836 	alloc 		48544 	803200 		292288 		169632
	837 	free 		125984 	0 		418272 		295616
	838 	alloc 		18784 	577376 		399488 		295616
	839 	alloc 		50592 	80864 		348896 		245024
	840 	free 		107040 	0 		455936 		245024
	841 	alloc 		54880 	920704 		401056 		245024
	842 	free 		77088 	0 		478144 		245024
	843 	free 		51552 	0 		529696 		245024
	844 	free 		120352 	0 		650048 		245024
	845 	free 		82912 	0 		732960 		327936
	846 	alloc 		103264 	682848 		629696 		327936
	847 	alloc 		114464 	131456 		515232 		213472
	848 	free 		103264 	0 		618496 		213472
	849 	alloc 		14112 	596160 		604384 		213472
	850 	free 		48544 	0 		652928 		237856
	851 	alloc 		21344 	610272 		631584 		237856
	852 	free 		114464 	0 		746048 		327936
	853 	free 		80864 	0 		826912 		327936
	854 	free 		23840 	0 		850752 		445920
	855 	alloc 		56928 	975584 		793824 		445920
	856 	alloc 		126624 	682848 		667200 		445920
	857 	free 		38112 	0 		705312 		445920
	858 	alloc 		63584 	0 		641728 		445920
	859 	free 		50592 	0 		692320 		513792
	860 	free 		54880 	0 		747200 		513792
	861 	alloc 		18912 	631616 		728288 		513792
	862 	free 		18784 	0 		747072 		532576
	863 	alloc 		111328 	809472 		635744 		532576
	864 	alloc 		113120 	63584 		522624 		419456
	865 	alloc 		59104 	176704 		463520 		360352
	866 	alloc 		2592 	1032512 		460928 		360352
	867 	alloc 		800 	1035104 		460128 		360352
	868 	free 		18912 	0 		479040 		360352
	869 	alloc 		92832 	235808 		386208 		267520
	870 	alloc 		125088 	328640 		261120 		142432
	871 	alloc 		124128 	453728 		136992 		54784
	872 	free 		800 	0 		137792 		54784
	873 	alloc 		80736 	-1 		137792 		54784
	874 	alloc 		24736 	631616 		113056 		54784
	875 	free 		126624 	0 		239680 		153120
	876 	free 		14112 	0 		253792 		153120
	877 	free 		2592 	0 		256384 		153120
	878 	alloc 		58400 	656352 		197984 		94720
	879 	alloc 		7584 	1032512 		190400 		94720
	880 	free 		111328 	0 		301728 		260832
	881 	free 		21344 	0 		323072 		260832
	882 	free 		125088 	0 		448160 		260832
	883 	free 		59104 	0 		507264 		260832
	884 	free 		63584 	0 		570848 		260832
	885 	free 		56928 	0 		627776 		317760
	886 	alloc 		117920 	328640 		509856 		317760
	887 	alloc 		14752 	577856 		495104 		317760
	888 	free 		124128 	0 		619232 		317760
	889 	free 		7584 	0 		626816 		333824
	890 	free 		58400 	0 		685216 		392224
	891 	free 		113120 	0 		798336 		392224
	892 	free 		24736 	0 		823072 		455968
	893 	alloc 		107744 	446560 		715328 		455968
	894 	alloc 		57568 	0 		657760 		455968
	895 	alloc 		160 	554304 		657600 		455968
	896 	alloc 		58720 	57568 		598880 		455968
	897 	free 		92832 	0 		691712 		455968
	898 	alloc 		121440 	116288 		570272 		455968
	899 	free 		80736 	-1 		570272 		455968
	900 	alloc 		38496 	237728 		531776 		455968
	901 	free 		160 	0 		531936 		455968
	902 	alloc 		29344 	276224 		502592 		455968
	903 	free 		117920 	0 		620512 		455968
	904 	free 		14752 	0 		635264 		494272
	905 	alloc 		25120 	305568 		610144 		494272
	906 	alloc 		29984 	330688 		580160 		494272
	907 	free 		25120 	0 		605280 		494272
	908 	free 		107744 	0 		713024 		687904
	909 	free 		29984 	0 		743008 		743008
	910 	alloc 		59104 	305568 		683904 		683904
	911 	free 		58720 	0 		742624 		683904
	912 	alloc 		77344 	364672 		665280 		606560
	913 	free 		38496 	0 		703776 		606560
	914 	alloc 		25312 	237728 		678464 		606560
	915 	alloc 		14112 	57568 		664352 		606560
	916 	free 		57568 	0 		721920 		606560
	917 	alloc 		42336 	71680 		679584 		606560
	918 	alloc 		18976 	0 		660608 		606560
	919 	alloc 		68192 	442016 		592416 		538368
	920 	free 		29344 	0 		621760 		538368
	921 	free 		68192 	0 		689952 		606560
	922 	free 		59104 	0 		749056 		606560
	923 	alloc 		25504 	18976 		723552 		606560
	924 	free 		121440 	0 		844992 		606560
	925 	free 		77344 	0 		922336 		785536
	926 	alloc 		4576 	44480 		917760 		785536
	927 	free 		18976 	0 		936736 		785536
	928 	free 		14112 	0 		950848 		785536
	929 	alloc 		126048 	263040 		824800 		659488
	930 	free 		126048 	0 		950848 		785536
	931 	alloc 		34464 	114016 		916384 		785536
	932 	free 		4576 	0 		920960 		785536
	933 	alloc 		22240 	44480 		898720 		785536
	934 	alloc 		30048 	148480 		868672 		785536
	935 	free 		25312 	0 		893984 		870048
	936 	alloc 		68704 	178528 		825280 		801344
	937 	alloc 		60768 	247232 		764512 		740576
	938 	free 		42336 	0 		806848 		740576
	939 	alloc 		126368 	308000 		680480 		614208
	940 	alloc 		110624 	434368 		569856 		503584
	941 	alloc 		57248 	544992 		512608 		446336
	942 	free 		22240 	0 		534848 		446336
	943 	alloc 		3360 	0 		531488 		446336
	944 	alloc 		110496 	602240 		420992 		335840
	945 	alloc 		90400 	712736 		330592 		245440
	946 	free 		34464 	0 		365056 		245440
	947 	free 		90400 	0 		455456 		335840
	948 	free 		57248 	0 		512704 		335840
	949 	alloc 		50400 	544992 		462304 		335840
	950 	alloc 		52704 	44480 		409600 		335840
	951 	alloc 		116832 	712736 		292768 		219008
	952 	free 		126368 	0 		419136 		219008
	953 	free 		25504 	0 		444640 		219008
	954 	alloc 		16800 	3360 		427840 		219008
	955 	alloc 		101728 	308000 		326112 		219008
	956 	alloc 		37664 	97184 		288448 		219008
	957 	free 		16800 	0 		305248 		219008
	958 	free 		50400 	0 		355648 		219008
	959 	free 		3360 	0 		359008 		219008
	960 	alloc 		30368 	0 		328640 		219008
	961 	free 		110496 	0 		439136 		219008
	962 	alloc 		32672 	544992 		406464 		219008
	963 	free 		68704 	0 		475168 		219008
	964 	free 		30048 	0 		505216 		219008
	965 	free 		60768 	0 		565984 		219008
	966 	alloc 		41184 	577664 		524800 		219008
	967 	alloc 		75168 	618848 		449632 		219008
	968 	free 		37664 	0 		487296 		219008
	969 	free 		110624 	0 		597920 		219008
	970 	alloc 		95456 	409728 		502464 		219008
	971 	free 		101728 	0 		604192 		312544
	972 	alloc 		76320 	829568 		527872 		312544
	973 	free 		76320 	0 		604192 		312544
	974 	alloc 		30944 	505184 		573248 		312544
	975 	alloc 		1376 	536128 		571872 		312544
	976 	free 		52704 	0 		624576 		379360
	977 	free 		116832 	0 		741408 		379360
	978 	alloc 		78880 	694016 		662528 		379360
	979 	free 		30368 	0 		692896 		409728
	980 	alloc 		13536 	772896 		679360 		409728
	981 	alloc 		90656 	786432 		588704 		409728
	982 	free 		13536 	0 		602240 		409728
	983 	alloc 		4640 	537504 		597600 		409728
	984 	alloc 		87840 	877088 		509760 		409728
	985 	free 		32672 	0 		542432 		409728
	986 	alloc 		26592 	542144 		515840 		409728
	987 	alloc 		42016 	964928 		473824 		409728
	988 	free 		1376 	0 		475200 		409728
	989 	alloc 		119072 	0 		356128 		290656
	990 	free 		41184 	0 		397312 		290656
	991 	free 		75168 	0 		472480 		290656
	992 	free 		95456 	0 		567936 		386112
	993 	free 		30944 	0 		598880 		418432
	994 	free 		78880 	0 		677760 		418432
	995 	free 		90656 	0 		768416 		418432
	996 	free 		4640 	0 		773056 		423072
	997 	free 		87840 	0 		860896 		423072
	998 	free 		26592 	0 		887488 		845856
	999 	free 		42016 	0 		929504 		929504
	1000 	free 		119072 	0 		1048576 		1048576
16 Allocations Failed